IST,Max TemperatureC,Mean TemperatureC,Min TemperatureC,Dew PointC,MeanDew PointC,Min DewpointC,Max Humidity, Mean Humidity, Min Humidity, Max Sea Level PressurehPa, Mean Sea Level PressurehPa, Min Sea Level PressurehPa, Max VisibilityKm, Mean VisibilityKm, Min VisibilitykM, Max Wind SpeedKm/h, Mean Wind SpeedKm/h, Max Gust SpeedKm/h,Precipitationmm, CloudCover, Events,WindDirDegrees
2014-2-1,31,24,19,21,18,14,100,68,35,1021,1018,1016,10,7,3,19,11,,0.00,2,,106
2014-2-2,31,26,20,21,18,14,100,66,35,1020,1017,1014,10,8,6,19,13,,0.00,2,,103
2014-2-3,33,26,18,19,14,8,100,57,21,1018,1016,1013,8,7,3,16,8,,0.00,,,97
2014-2-4,33,26,18,20,14,9,100,53,23,1017,1014,1012,8,5,1,16,6,,0.00,2,,85
2014-2-5,34,24,16,16,11,3,94,47,14,1017,1014,1012,8,6,6,14,5,,0.00,,,71
2014-2-6,33,24,16,13,9,4,82,41,16,1017,1015,1012,8,7,6,16,6,,0.00,1,,65
2014-2-7,33,24,15,14,8,2,88,41,15,1018,1015,1013,8,6,6,16,5,,0.00,,,80
2014-2-8,34,26,17,14,9,4,82,42,16,1017,1014,1012,8,6,6,19,6,,0.00,1,,110
2014-2-9,34,24,16,13,10,6,82,42,17,1016,1014,1011,8,7,6,13,3,,0.00,,,143
2014-2-10,34,27,20,20,13,11,69,47,26,1016,1014,1011,10,7,5,11,6,,0.00,2,,148
2014-2-11,33,26,19,17,12,7,83,48,23,1015,1013,1010,8,6,6,19,6,34,0.00,1,,131
2014-2-12,32,26,19,18,14,9,88,52,24,1016,1013,1011,6,6,5,19,10,,0.00,1,,145
2014-2-13,32,26,21,20,17,15,88,57,36,1017,1015,1013,10,7,6,16,10,,0.00,2,,149
2014-2-14,33,27,22,22,19,14,100,68,31,1018,1015,1012,10,6,3,14,8,,0.00,3,,150
2014-2-15,32,26,21,22,19,14,100,65,33,1017,1014,1011,10,7,4,11,6,,0.00,3,,222
2014-2-16,31,27,24,22,18,16,89,57,40,1017,1014,1012,10,8,6,13,6,,0.00,3,,353
2014-2-17,33,27,22,23,17,12,89,55,28,1019,1016,1014,10,8,6,21,6,,0.00,2,,60
2014-2-18,31,26,22,23,21,18,100,73,46,1021,1018,1015,10,7,4,24,13,,0.00,2,,102
2014-2-19,32,27,22,22,19,16,94,68,40,1020,1017,1015,10,8,6,21,14,,0.00,3,,125
2014-2-20,31,26,22,22,19,16,100,71,43,1019,1017,1015,10,6,3,14,10,,0.00,3,,117
2014-2-21,33,27,20,21,19,17,100,69,38,1020,1017,1014,10,7,5,21,10,,0.00,3,,111
2014-2-22,34,27,21,21,18,13,100,64,28,1020,1017,1014,10,7,2,14,10,,0.00,2,,118
2014-2-23,33,27,20,20,16,11,100,59,27,1020,1017,1015,8,6,4,14,10,,0.00,1,,107
2014-2-24,32,26,20,23,19,11,100,70,31,1020,1018,1015,10,6,3,26,13,32,0.00,3,,123
2014-2-25,31,27,24,23,20,17,94,69,43,1021,1018,1016,10,8,6,23,14,,0.00,3,,116
2014-2-26,34,28,23,22,17,7,94,58,19,1020,1017,1014,10,8,6,16,11,,0.00,2,,129
2014-2-27,34,27,20,21,16,9,100,56,21,1020,1017,1014,10,8,6,16,8,34,0.00,2,,125
2014-2-28,34,28,22,23,19,16,100,67,36,1019,1016,1014,10,8,6,21,10,34,0.00,2,,150

