IST,Max TemperatureC,Mean TemperatureC,Min TemperatureC,Dew PointC,MeanDew PointC,Min DewpointC,Max Humidity, Mean Humidity, Min Humidity, Max Sea Level PressurehPa, Mean Sea Level PressurehPa, Min Sea Level PressurehPa, Max VisibilityKm, Mean VisibilityKm, Min VisibilitykM, Max Wind SpeedKm/h, Mean Wind SpeedKm/h, Max Gust SpeedKm/h,Precipitationmm, CloudCover, Events,WindDirDegrees
2013-4-1,,,,,,,,,,,,,,,,,,,,,,
2013-4-2,,,,,,,,,,,,,,,,,,,,,,
2013-4-3,,,,,,,,,,,,,,,,,,,,,,
2013-4-4,,,,,,,,,,,,,,,,,,,,,,
2013-4-5,,,,,,,,,,,,,,,,,,,,,,
2013-4-6,,,,,,,,,,,,,,,,,,,,,,
2013-4-7,,,,,,,,,,,,,,,,,,,,,,
2013-4-8,,,,,,,,,,,,,,,,,,,,,,
2013-4-9,,,,,,,,,,,,,,,,,,,,,,
2013-4-10,,,,,,,,,,,,,,,,,,,,,,
2013-4-11,35,28,20,21,13,8,83,44,20,1016,1013,1010,10,7,6,19,6,,0.00,1,,81
2013-4-12,35,28,20,20,14,9,88,48,20,1016,1013,1011,10,8,6,26,10,180,0.00,1,,115
2013-4-13,34,27,19,18,13,6,88,47,18,1017,1015,1012,8,7,6,21,6,24,0.00,,,132
2013-4-14,35,28,21,20,14,8,83,47,19,1018,1015,1012,10,8,6,16,6,,0.00,2,,155
2013-4-15,33,28,23,22,18,15,94,62,36,1016,1014,1011,10,7,4,27,13,,0.00,2,Rain-Thunderstorm,191
2013-4-16,34,28,22,22,16,9,100,56,23,1016,1013,1010,8,6,6,21,10,,0.00,2,,280
2013-4-17,35,28,22,20,13,7,88,43,18,1014,1011,1008,10,7,6,21,10,,0.00,1,,250
2013-4-18,34,28,23,19,14,8,78,43,23,1014,1012,1009,10,7,6,21,11,,0.00,2,,229
2013-4-19,34,28,23,18,13,9,69,43,21,1015,1012,1009,10,8,6,16,10,,0.00,2,,258
2013-4-20,34,28,22,18,13,7,73,43,20,1014,1012,1009,10,8,6,21,11,,0.00,2,,215
2013-4-21,33,27,20,18,13,8,83,42,21,1015,1012,1009,10,8,6,16,6,,0.00,2,,208
2013-4-22,34,28,22,21,17,11,94,58,26,1016,1013,1010,10,8,6,21,10,,0.00,2,,164
2013-4-23,33,27,22,20,18,15,83,62,34,1018,1015,1012,10,7,4,27,8,,0.00,2,,171
2013-4-24,32,27,23,21,18,14,88,61,33,1018,1016,1013,8,7,6,27,10,40,0.00,2,,174
2013-4-25,33,27,22,21,18,15,94,61,34,1018,1015,1012,10,8,6,16,8,29,0.00,2,,136
2013-4-26,33,28,23,22,18,13,94,61,29,1018,1015,1012,10,7,6,21,10,,0.00,3,,117
2013-4-27,34,28,22,23,17,10,100,57,24,1017,1015,1012,10,7,3,16,10,,0.00,2,,119
2013-4-28,34,28,23,21,17,13,88,55,29,1015,1013,1010,10,7,6,19,10,,0.00,2,Rain-Thunderstorm,256
2013-4-29,34,28,22,21,18,12,94,61,28,1015,1013,1010,10,8,6,23,11,,0.00,5,,289
2013-4-30,36,28,21,20,14,7,94,48,17,1015,1013,1010,10,7,6,26,8,35,0.00,2,,111

