IST,Max TemperatureC,Mean TemperatureC,Min TemperatureC,Dew PointC,MeanDew PointC,Min DewpointC,Max Humidity, Mean Humidity, Min Humidity, Max Sea Level PressurehPa, Mean Sea Level PressurehPa, Min Sea Level PressurehPa, Max VisibilityKm, Mean VisibilityKm, Min VisibilitykM, Max Wind SpeedKm/h, Mean Wind SpeedKm/h, Max Gust SpeedKm/h,Precipitationmm, CloudCover, Events,WindDirDegrees
2014-8-1,32,28,25,25,23,22,100,79,55,1014,1011,1009,10,8,3,35,23,,0.00,3,,255
2014-8-2,32,28,25,23,23,22,89,75,55,1014,1012,1010,10,9,6,35,26,,0.00,4,,260
2014-8-3,33,28,24,25,23,21,94,79,49,1013,1011,1009,10,6,2,42,24,71,0.00,4,Rain,263
2014-8-4,32,28,25,25,24,22,100,82,55,1012,1011,1008,10,7,3,34,24,,0.00,3,Rain,262
2014-8-5,31,27,24,24,23,22,94,77,58,1014,1011,1010,10,8,6,35,24,,0.00,4,,258
2014-8-6,32,28,24,23,22,21,94,73,52,1014,1012,1010,10,8,6,39,26,,0.00,4,,260
2014-8-7,32,28,25,23,23,21,89,75,52,1014,1012,1010,10,8,6,29,23,53,0.00,5,,260
2014-8-8,31,28,25,25,23,22,100,82,58,1014,1012,1010,10,7,4,29,19,,0.00,5,Rain,263
2014-8-9,32,28,24,25,23,21,94,83,55,1015,1013,1010,10,7,6,26,16,,0.00,6,Rain,260
2014-8-10,32,28,24,25,23,22,100,82,55,1015,1014,1011,10,7,5,27,18,,0.00,5,Rain,266
2014-8-11,32,28,24,25,23,22,100,79,55,1014,1013,1010,10,8,6,32,18,50,0.00,5,,262
2014-8-12,31,27,24,24,23,21,100,79,55,1014,1013,1011,10,8,6,32,19,,0.00,4,,273
2014-8-13,31,27,24,24,23,21,100,80,55,1016,1014,1012,10,7,1,29,16,47,0.00,5,Rain,274
2014-8-14,33,28,24,24,22,21,100,72,49,1016,1014,1012,10,8,6,32,14,,0.00,4,,293
2014-8-15,33,28,23,25,22,19,100,76,43,1016,1014,1012,10,8,6,26,16,35,0.00,3,,280
2014-8-16,32,28,24,23,21,19,94,70,49,1016,1014,1013,10,8,6,23,16,,0.00,3,,282
2014-8-17,32,28,24,24,22,19,94,71,49,1016,1014,1011,10,8,6,23,11,,0.00,3,,286
2014-8-18,31,27,24,25,24,21,100,84,55,1016,1014,1012,10,8,3,19,8,,0.00,5,Rain,263
2014-8-19,34,28,23,26,24,20,100,85,44,1016,1014,1011,10,7,5,24,11,,0.00,5,Rain-Thunderstorm,233
2014-8-20,36,30,23,26,24,20,100,83,39,1015,1013,1009,10,7,1,34,11,50,0.00,4,Rain-Thunderstorm,269
2014-8-21,35,29,23,26,24,21,100,81,44,1012,1010,1007,10,7,4,29,10,50,0.00,4,Rain-Thunderstorm,186
2014-8-22,35,29,24,26,24,21,100,77,46,1012,1010,1007,10,8,6,23,8,,0.00,4,,117
2014-8-23,33,28,24,25,24,21,100,78,49,1013,1011,1009,10,8,6,23,11,,0.00,4,,171
2014-8-24,32,28,25,24,23,22,94,76,55,1014,1012,1010,10,8,6,24,18,,0.00,3,Rain,245
2014-8-25,32,28,24,25,23,22,94,75,55,1015,1014,1011,10,8,6,27,19,,0.00,3,,253
2014-8-26,32,28,25,24,22,20,94,74,52,1016,1014,1011,10,9,6,32,21,60,0.00,4,,258
2014-8-27,28,26,23,24,23,21,100,84,66,1014,1013,1010,10,6,2,26,21,,0.00,6,Rain,266
2014-8-28,29,27,24,23,22,20,94,78,62,1012,1011,1009,10,8,6,37,24,69,0.00,6,,266
2014-8-29,30,27,23,24,22,21,94,78,62,1011,1009,1007,8,6,6,37,24,45,0.00,5,Rain,262
2014-8-30,30,27,24,24,22,21,89,77,58,1011,1009,1007,10,7,6,37,26,48,0.00,5,Rain,253
2014-8-31,31,27,23,26,23,21,100,79,58,1011,1009,1007,10,8,5,42,26,,0.00,4,Rain,259

