IST,Max TemperatureC,Mean TemperatureC,Min TemperatureC,Dew PointC,MeanDew PointC,Min DewpointC,Max Humidity, Mean Humidity, Min Humidity, Max Sea Level PressurehPa, Mean Sea Level PressurehPa, Min Sea Level PressurehPa, Max VisibilityKm, Mean VisibilityKm, Min VisibilitykM, Max Wind SpeedKm/h, Mean Wind SpeedKm/h, Max Gust SpeedKm/h,Precipitationmm, CloudCover, Events,WindDirDegrees
2013-8-1,26,23,21,20,18,18,83,78,61,1011,1009,1008,8,7,6,47,29,66,0.00,6,,255
2013-8-2,28,24,21,20,19,18,88,74,54,1013,1010,1008,10,8,6,42,26,58,0.00,4,,257
2013-8-3,27,23,21,21,19,18,100,80,58,1014,1012,1010,10,7,0,37,23,,0.00,5,Rain-Thunderstorm,262
2013-8-4,29,24,21,21,19,18,100,72,51,1013,1011,1008,10,7,6,27,21,,0.00,4,,280
2013-8-5,26,23,21,20,19,17,94,80,57,1013,1011,1009,10,7,5,27,19,,0.00,6,,276
2013-8-6,27,23,20,20,18,17,94,76,54,1014,1012,1009,10,8,6,32,19,,0.00,4,,277
2013-8-7,28,24,20,19,18,17,94,74,54,1014,1013,1011,10,8,6,26,16,34,0.00,4,,291
2013-8-8,28,24,21,20,18,17,88,69,51,1015,1013,1010,8,7,6,24,16,,0.00,4,,289
2013-8-9,28,24,21,19,18,17,88,71,54,1015,1013,1010,10,7,6,26,18,167,0.00,4,,286
2013-8-10,27,23,20,21,18,17,94,76,54,1014,1013,1010,10,8,6,24,16,89,0.00,4,Rain,290
2013-8-11,29,24,20,21,19,17,100,79,48,1014,1012,1010,10,7,4,26,14,,0.00,4,,287
2013-8-12,27,23,20,20,18,18,94,75,58,1013,1012,1009,10,8,6,24,16,95,0.00,4,,288
2013-8-13,26,23,20,22,19,18,100,82,61,1013,1011,1008,10,7,6,32,16,,0.00,5,Rain,275
2013-8-14,25,22,20,22,21,20,100,92,74,1013,1011,1009,10,6,4,27,18,,0.00,6,Rain,269
2013-8-15,24,21,19,21,20,19,100,92,78,1014,1012,1010,6,6,5,27,16,,0.00,6,Rain,274
2013-8-16,26,23,20,21,21,19,100,92,69,1014,1011,1009,8,6,3,24,18,,0.00,6,Rain,266
2013-8-17,27,23,20,21,19,19,100,84,61,1014,1012,1009,10,7,4,32,19,48,0.00,5,,256
2013-8-18,27,23,20,21,20,19,100,83,61,1014,1012,1010,10,7,6,29,19,,0.00,5,Rain,254
2013-8-19,26,23,20,20,19,18,100,80,61,1014,1013,1011,10,8,6,35,24,,0.00,6,,256
2013-8-20,26,23,20,21,19,18,94,85,61,1014,1012,1010,8,7,4,39,23,,0.00,5,Rain,267
2013-8-21,28,24,20,20,19,17,100,79,51,1014,1011,1009,10,7,3,34,21,,0.00,4,,271
2013-8-22,29,24,19,19,18,16,100,75,45,1014,1012,1009,10,8,6,37,23,,0.00,3,,276
2013-8-23,27,23,20,20,19,18,94,81,58,1014,1012,1010,10,8,6,35,21,45,0.00,4,,265
2013-8-24,26,22,19,20,19,18,100,81,61,1014,1012,1010,10,7,6,26,18,,0.00,4,,267
2013-8-25,27,23,19,20,19,17,100,81,54,1014,1012,1009,10,7,3,27,18,,0.00,4,Rain,267
2013-8-26,28,23,19,19,18,17,100,74,51,1014,1012,1009,10,8,6,23,16,,0.00,3,,285
2013-8-27,28,23,19,19,18,16,100,72,48,1014,1012,1010,10,8,6,19,13,,0.00,3,,300
2013-8-28,29,24,20,20,18,17,100,73,48,1016,1014,1012,10,7,5,14,10,,0.00,3,,297
2013-8-29,29,24,21,20,18,17,94,70,48,1017,1014,1012,10,8,6,19,10,26,0.00,3,,303
2013-8-30,30,26,22,20,19,17,88,67,45,1016,1013,1011,10,7,6,13,8,,0.00,3,,317
2013-8-31,28,24,22,23,21,19,100,82,58,1016,1013,1010,10,7,3,11,6,,0.00,5,Rain,276

