IST,Max TemperatureC,Mean TemperatureC,Min TemperatureC,Dew PointC,MeanDew PointC,Min DewpointC,Max Humidity, Mean Humidity, Min Humidity, Max Sea Level PressurehPa, Mean Sea Level PressurehPa, Min Sea Level PressurehPa, Max VisibilityKm, Mean VisibilityKm, Min VisibilitykM, Max Wind SpeedKm/h, Mean Wind SpeedKm/h, Max Gust SpeedKm/h,Precipitationmm, CloudCover, Events,WindDirDegrees
2013-12-1,29,24,21,23,21,19,100,88,55,1020,1017,1015,8,5,0,23,8,,0.00,4,Fog-Rain-Thunderstorm,82
2013-12-2,29,24,20,22,21,17,100,87,51,1020,1017,1015,10,6,2,19,8,,0.00,4,,89
2013-12-3,29,24,20,22,18,14,100,77,40,1018,1016,1014,10,6,1,21,10,87,0.00,3,Fog,81
2013-12-4,28,23,19,21,19,17,100,84,51,1018,1016,1014,10,5,0,24,10,,0.00,2,Fog,50
2013-12-5,27,22,17,21,17,14,100,76,45,1017,1015,1013,10,5,2,26,11,,0.00,2,,38
2013-12-6,27,22,18,19,16,12,100,69,39,1016,1014,1012,8,6,2,19,8,,0.00,1,,30
2013-12-7,26,22,18,19,17,14,100,76,47,1016,1014,1012,10,7,3,16,6,,0.00,1,,36
2013-12-8,28,23,19,20,18,17,94,76,51,1016,1014,1012,10,7,5,21,8,,0.00,3,,42
2013-12-9,28,22,17,19,15,9,100,67,30,1015,1013,1010,10,7,4,16,6,,0.00,1,,312
2013-12-10,29,21,14,16,9,1,100,50,18,1015,1013,1010,10,6,6,14,5,,0.00,1,,344
2013-12-11,29,22,15,15,10,4,94,53,20,1017,1014,1012,8,6,6,16,5,27,0.00,1,,6
2013-12-12,25,22,20,22,18,14,100,77,64,1015,1014,1012,10,8,6,27,10,,0.00,4,,28
2013-12-13,29,24,20,23,21,17,100,85,51,1017,1015,1013,10,7,6,26,13,,0.00,4,,63
2013-12-14,29,26,22,23,21,18,100,79,51,1018,1016,1013,10,7,4,14,8,,0.00,4,,83
2013-12-15,30,25,20,22,14,6,100,61,23,1018,1016,1014,8,4,0,14,8,,0.00,3,Fog,48
2013-12-16,29,22,15,15,11,3,100,56,20,1019,1017,1015,8,5,4,16,6,,0.00,,,45
2013-12-17,28,21,14,18,15,13,100,72,42,1018,1016,1014,10,6,3,14,5,,0.00,2,,97
2013-12-18,27,21,15,19,15,12,100,68,39,1018,1015,1013,8,6,0,16,8,,0.00,2,Fog,97
2013-12-19,28,22,17,19,15,10,100,69,32,1018,1016,1014,10,6,3,11,6,,0.00,3,,104
2013-12-20,30,23,16,18,14,8,100,62,25,1019,1017,1015,8,6,0,10,5,,0.00,3,Fog,80
2013-12-21,30,23,16,18,14,11,100,65,31,1019,1017,1015,8,6,3,11,6,,0.00,2,,81
2013-12-22,28,22,16,19,17,14,100,76,42,1020,1018,1016,10,6,0,19,8,,0.00,2,Fog,102
2013-12-23,28,22,17,19,17,15,100,76,48,1021,1019,1018,10,7,4,23,11,,0.00,3,,104
2013-12-24,28,22,17,21,17,15,100,78,45,1021,1019,1017,10,7,3,27,11,40,0.00,2,,99
2013-12-25,29,24,19,21,18,15,100,73,42,1022,1020,1017,8,6,2,14,8,,0.00,2,,86
2013-12-26,29,22,16,19,16,12,100,68,35,1021,1019,1016,8,5,0,16,6,,0.00,2,Fog,102
2013-12-27,29,22,16,18,16,14,100,69,40,1021,1018,1016,8,5,3,21,8,,0.00,2,,107
2013-12-28,30,24,19,21,18,14,100,73,37,1020,1018,1015,10,5,0,14,10,,0.00,4,Fog,108
2013-12-29,29,24,20,20,18,14,100,72,42,1020,1017,1015,8,6,3,13,10,,0.00,3,,87
2013-12-30,29,23,17,20,16,11,100,69,33,1020,1017,1015,8,6,2,16,13,,0.00,2,,103
2013-12-31,29,22,16,20,17,14,100,71,40,1021,1018,1016,10,6,1,19,10,,0.00,3,Fog,103

