IST,Max TemperatureC,Mean TemperatureC,Min TemperatureC,Dew PointC,MeanDew PointC,Min DewpointC,Max Humidity, Mean Humidity, Min Humidity, Max Sea Level PressurehPa, Mean Sea Level PressurehPa, Min Sea Level PressurehPa, Max VisibilityKm, Mean VisibilityKm, Min VisibilitykM, Max Wind SpeedKm/h, Mean Wind SpeedKm/h, Max Gust SpeedKm/h,Precipitationmm, CloudCover, Events,WindDirDegrees
2013-2-1,28,22,15,16,11,4,100,66,21,1021,1018.37,1016,10.0,5.1,0.8,20,9,,0.0,3,Fog,87
2013-2-2,27,19,11,14,9,3,100,59,24,1020,1017.94,1015,8.0,5.3,2.0,18,8,,0.0,2,,96
2013-2-3,28,19,10,11,5,0,87,47,16,1020,1017.37,1015,8.0,6.9,6.0,18,5,,0.0,1,,99
2013-2-4,29,21,13,16,11,5,100,59,23,1020,1018.02,1016,10.0,5.6,0.1,18,7,30,0.0,3,Fog,126
2013-2-5,29,22,15,18,15,10,100,74,30,1021,1018.75,1016,10.0,5.5,0.3,20,9,33,0.0,3,Fog,127
2013-2-6,29,24,18,20,16,12,100,69,37,1022,1018.76,1016,10.0,6.9,5.0,15,10,,0.0,3,,122
2013-2-7,32,25,18,19,14,6,100,61,20,1019,1016.37,1013,10.0,7.2,3.0,13,8,,0.0,3,,132
2013-2-8,30,24,18,19,15,13,88,60,35,1018,1015.43,1013,10.0,6.9,3.0,18,8,,0.0,4,,139
2013-2-9,30,24,18,20,14,7,100,64,23,1018,1015.44,1013,10.0,6.1,2.0,18,9,,0.0,4,,112
2013-2-10,30,22,15,17,13,7,100,66,23,1019,1016.54,1013,8.0,5.8,2.0,24,11,,0.0,5,,100
2013-2-11,28,22,16,18,14,8,100,66,28,1019,1016.54,1014,10.0,6.2,1.4,33,14,,0.0,2,,96
2013-2-12,30,23,16,14,11,10,77,47,29,1018,1016.00,1013,10.0,8.3,6.0,22,13,,0.0,1,,90
2013-2-13,30,24,17,16,11,3,82,51,23,1018,1015.57,1012,10.0,8.1,6.0,22,9,,0.0,2,,99
2013-2-14,28,24,19,17,16,14,88,65,42,1019,1015.77,1013,10.0,7.6,6.0,20,12,,0.0,3,,121
2013-2-15,29,24,19,21,19,15,100,83,45,1019,1015.49,1013,10.0,6.6,4.0,24,9,,0.0,4,Rain-Thunderstorm,151
2013-2-16,29,24,19,21,18,14,100,73,40,1017,1013.81,1011,10.0,7.2,3.0,18,8,37,0.0,3,,213
2013-2-17,30,24,19,20,18,15,100,72,42,1016,1013.58,1011,10.0,8.1,6.0,18,10,,0.0,3,,296
2013-2-18,30,26,21,20,18,15,94,68,40,1017,1014.43,1012,10.0,7.0,4.0,17,8,,0.0,2,,62
2013-2-19,31,25,19,21,17,11,100,69,33,1019,1015.87,1013,10.0,7.1,3.0,15,9,,0.0,3,,106
2013-2-20,31,24,18,20,16,10,100,66,29,1019,1016.33,1014,10.0,7.3,3.0,18,10,,0.0,3,,100
2013-2-21,31,24,16,19,13,5,100,64,20,1020,1017.40,1015,10.0,5.7,1.5,17,9,,0.0,2,,84
2013-2-22,31,23,15,17,12,7,100,57,22,1021,1018.44,1015,10.0,6.5,2.5,22,9,43,0.0,2,,97
2013-2-23,32,23,14,18,11,2,100,62,16,1021,1018.70,1016,8.0,3.7,0.1,22,8,,0.0,4,Fog,101
2013-2-24,32,22,13,14,4,-9,94,44,7,1020,1017.71,1015,8.0,5.2,2.0,18,7,,0.0,1,,93
2013-2-25,31,22,12,13,3,-9,88,42,7,1020,1018.31,1016,8.0,6.1,5.0,28,7,,0.0,1,,110
2013-2-26,31,22,12,11,4,-2,72,36,12,1021,1018.45,1016,8.0,6.0,5.0,26,8,,0.0,,,104
2013-2-27,31,22,13,10,5,2,77,37,16,1021,1018.04,1015,8.0,6.8,6.0,15,7,30,0.0,,,93
2013-2-28,32,23,14,13,7,1,82,41,14,1019,1016.50,1014,8.0,6.7,6.0,20,7,,0.0,,,78
