IST,Max TemperatureC,Mean TemperatureC,Min TemperatureC,Dew PointC,MeanDew PointC,Min DewpointC,Max Humidity, Mean Humidity, Min Humidity, Max Sea Level PressurehPa, Mean Sea Level PressurehPa, Min Sea Level PressurehPa, Max VisibilityKm, Mean VisibilityKm, Min VisibilitykM, Max Wind SpeedKm/h, Mean Wind SpeedKm/h, Max Gust SpeedKm/h,Precipitationmm, CloudCover, Events,WindDirDegrees
2014-1-1,29,24,19,22,18,16,100,76,45,1020,1018,1015,10,7,3,23,11,,0.00,3,,99
2014-1-2,29,24,20,21,18,16,100,74,45,1021,1018,1016,10,6,4,14,11,,0.00,4,,73
2014-1-3,30,23,17,20,18,17,100,73,45,1021,1019,1016,10,7,1,14,8,,0.00,2,Fog,99
2014-1-4,32,24,17,18,13,5,100,57,18,1020,1017,1015,10,6,3,19,8,,0.00,3,,99
2014-1-5,32,24,17,21,15,9,100,62,24,1019,1016,1013,8,6,0,16,6,163,0.00,2,Fog,96
2014-1-6,33,24,16,20,13,6,100,58,20,1018,1016,1014,8,6,2,19,5,,0.00,1,,68
2014-1-7,31,24,18,19,15,9,100,61,25,1019,1017,1015,8,5,2,21,10,,0.00,3,,86
2014-1-8,30,24,18,21,17,14,100,67,37,1020,1018,1015,10,6,2,21,11,,0.00,3,,93
2014-1-9,31,24,18,20,18,15,100,73,38,1020,1017,1014,10,6,1,23,8,35,0.00,3,Fog,109
2014-1-10,30,24,20,21,19,15,100,82,40,1020,1018,1016,8,3,1,14,10,,0.00,3,,114
2014-1-11,32,27,22,17,14,11,73,44,27,1019,1017,1015,8,7,6,13,10,,0.00,,,115
2014-1-12,33,26,18,20,15,8,100,64,21,1021,1018,1016,6,4,0,14,6,,0.00,3,Fog,106
2014-1-13,32,26,19,20,16,11,100,58,29,1022,1019,1016,8,6,1,19,10,,0.00,2,Fog,105
2014-1-14,31,24,19,20,16,11,100,61,29,1020,1018,1015,8,6,6,16,10,,0.00,1,,104
2014-1-15,31,24,19,20,17,13,100,64,33,1021,1019,1016,10,7,3,13,8,,0.00,1,,113
2014-1-16,31,26,20,22,18,16,100,69,40,1022,1019,1017,10,7,2,16,8,,0.00,2,,114
2014-1-17,31,26,21,21,18,14,100,69,35,1021,1019,1016,8,6,3,14,11,,0.00,2,,111
2014-1-18,31,24,19,20,17,14,100,65,35,1021,1019,1016,8,5,1,14,10,,0.00,2,,112
2014-1-19,30,25,20,21,19,15,100,74,40,1023,1020,1018,10,7,2,21,11,,0.00,2,,104
2014-1-20,30,24,19,21,18,15,100,70,43,1023,1020,1018,10,7,4,26,11,,0.00,3,,101
2014-1-21,29,23,18,21,17,14,100,71,40,1023,1020,1017,10,7,3,23,11,,0.00,2,,99
2014-1-22,29,24,19,20,17,14,100,67,40,1021,1019,1016,10,7,4,24,14,,0.00,2,,110
2014-1-23,31,23,17,20,16,13,100,64,33,1021,1019,1016,8,7,2,14,8,,0.00,2,,91
2014-1-24,31,26,20,21,18,15,100,71,38,1020,1017,1015,10,6,1,14,10,,0.00,2,,81
2014-1-25,31,24,19,21,17,14,100,66,35,1020,1017,1014,10,8,3,21,11,,0.00,2,,90
2014-1-26,30,23,17,18,16,14,100,64,37,1020,1017,1015,10,7,4,29,10,,0.00,1,,91
2014-1-27,29,23,17,19,17,14,100,69,40,1020,1018,1015,10,7,2,27,11,,0.00,2,,89
2014-1-28,30,23,16,19,15,11,100,64,33,1020,1017,1015,10,8,4,23,8,,0.00,1,,94
2014-1-29,31,24,18,20,16,11,100,67,29,1020,1018,1015,10,7,2,14,8,,0.00,3,,108
2014-1-30,30,24,18,20,17,14,100,69,37,1021,1018,1015,10,7,6,13,10,,0.00,2,,83
2014-1-31,31,23,17,21,14,9,100,58,27,1021,1018,1016,8,5,1,16,10,,0.00,1,,80

