IST,Max TemperatureC,Mean TemperatureC,Min TemperatureC,Dew PointC,MeanDew PointC,Min DewpointC,Max Humidity, Mean Humidity, Min Humidity, Max Sea Level PressurehPa, Mean Sea Level PressurehPa, Min Sea Level PressurehPa, Max VisibilityKm, Mean VisibilityKm, Min VisibilitykM, Max Wind SpeedKm/h, Mean Wind SpeedKm/h, Max Gust SpeedKm/h,Precipitationmm, CloudCover, Events,WindDirDegrees
2013-7-1,29,24,20,21,18,16,100,70,45,1014,1012,1009,10,8,6,35,24,,0.00,3,Rain,265
2013-7-2,29,24,20,21,18,17,100,78,48,1011,1010,1008,8,7,1,34,24,48,0.00,5,Rain,260
2013-7-3,26,23,20,21,19,18,100,83,61,1012,1010,1008,8,6,3,39,26,,0.00,6,Rain,261
2013-7-4,28,24,20,20,19,18,100,78,54,1012,1010,1008,10,8,6,29,21,,0.00,4,,273
2013-7-5,28,24,21,20,19,18,94,75,54,1012,1010,1008,10,8,6,26,19,,0.00,4,,270
2013-7-6,29,24,21,20,19,16,94,73,48,1013,1011,1008,10,8,6,32,19,,0.00,4,,273
2013-7-7,27,23,21,20,18,17,94,74,57,1013,1011,1009,8,6,4,29,19,,0.00,5,Rain,282
2013-7-8,29,24,21,20,18,16,88,68,45,1012,1011,1008,10,7,6,34,19,66,0.00,5,,281
2013-7-9,28,24,21,20,19,18,88,75,54,1012,1010,1008,10,8,6,29,21,,0.00,4,,262
2013-7-10,27,23,20,20,19,18,94,79,58,1011,1009,1005,10,6,1,29,23,,0.00,6,Rain,266
2013-7-11,27,23,20,21,19,18,94,82,61,1011,1010,1008,8,6,5,29,19,,0.00,6,,264
2013-7-12,26,23,21,20,19,18,94,79,65,1012,1010,1008,8,6,5,34,21,64,0.00,4,,262
2013-7-13,27,23,21,22,19,19,100,80,61,1013,1011,1009,10,8,6,34,19,,0.00,4,,252
2013-7-14,27,23,21,20,19,18,94,78,61,1013,1011,1009,10,7,6,24,21,,0.00,4,,271
2013-7-15,28,24,20,22,20,18,100,84,54,1012,1011,1008,8,7,4,29,19,,0.00,5,Rain,259
2013-7-16,27,23,21,21,20,18,100,85,58,1012,1011,1008,10,7,5,27,19,,0.00,5,,264
2013-7-17,26,23,21,20,19,18,94,82,65,1012,1011,1008,10,8,6,35,21,,0.00,5,,258
2013-7-18,27,23,21,21,19,18,94,80,61,1012,1010,1008,10,7,6,34,23,,0.00,5,,269
2013-7-19,26,23,20,21,19,19,100,84,65,1011,1009,1007,10,7,4,37,23,,0.00,6,Rain,264
2013-7-20,27,23,21,21,20,20,100,88,65,1013,1010,1009,8,6,4,29,19,39,0.00,6,,265
2013-7-21,26,23,20,21,20,19,100,86,69,1013,1010,1008,10,8,6,32,23,50,0.00,6,,274
2013-7-22,26,23,21,21,19,18,94,82,65,1010,1009,1007,8,7,5,35,24,98,0.00,6,,263
2013-7-23,26,23,20,19,19,18,94,80,61,1010,1009,1007,8,7,5,42,29,64,0.00,5,,260
2013-7-24,27,23,21,20,19,18,88,78,58,1012,1010,1008,10,7,6,40,27,,0.00,6,,250
2013-7-25,29,24,21,19,18,17,88,70,48,1012,1010,1008,10,8,6,48,32,66,0.00,5,,255
2013-7-26,27,23,21,19,18,18,88,73,58,1012,1010,1008,10,8,6,35,29,53,0.00,6,,256
2013-7-27,27,23,20,20,19,18,94,77,61,1015,1012,1010,8,7,6,32,21,,0.00,6,,253
2013-7-28,27,23,20,20,19,18,100,80,61,1017,1014,1013,10,7,3,27,19,,0.00,6,,274
2013-7-29,25,22,20,19,18,16,94,80,65,1015,1014,1012,10,8,6,35,21,50,0.00,6,,283
2013-7-30,27,23,19,19,18,17,88,75,58,1014,1011,1008,10,7,6,42,26,58,0.00,5,,263
2013-7-31,25,22,20,19,18,18,88,76,65,1011,1009,1007,10,8,6,48,32,55,0.00,4,,263

