IST,Max TemperatureC,Mean TemperatureC,Min TemperatureC,Dew PointC,MeanDew PointC,Min DewpointC,Max Humidity, Mean Humidity, Min Humidity, Max Sea Level PressurehPa, Mean Sea Level PressurehPa, Min Sea Level PressurehPa, Max VisibilityKm, Mean VisibilityKm, Min VisibilitykM, Max Wind SpeedKm/h, Mean Wind SpeedKm/h, Max Gust SpeedKm/h,Precipitationmm, CloudCover, Events,WindDirDegrees
2014-7-1,34,29,25,26,23,20,100,71,44,1015,1013,1011,10,9,6,24,18,,0.00,3,,281
2014-7-2,34,29,25,25,23,21,94,70,46,1016,1013,1011,10,9,6,27,18,,0.00,3,,283
2014-7-3,34,29,24,23,21,18,94,63,41,1014,1012,1009,10,8,6,26,21,103,0.00,3,,274
2014-7-4,33,28,24,23,22,20,89,67,46,1013,1011,1008,10,9,8,27,19,42,0.00,2,,287
2014-7-5,32,28,24,24,23,22,94,74,55,1013,1011,1008,10,8,6,32,19,,0.00,4,Rain,284
2014-7-6,30,28,25,25,23,21,94,83,66,1014,1013,1011,10,8,5,24,18,,0.00,5,,282
2014-7-7,32,28,25,25,23,22,94,79,55,1014,1012,1010,10,7,6,24,19,42,0.00,4,Rain,274
2014-7-8,31,27,24,23,22,21,89,74,58,1013,1011,1009,10,8,6,32,21,,0.00,5,,283
2014-7-9,32,28,24,25,23,21,100,80,55,1013,1011,1009,10,7,1,45,21,60,0.00,4,Rain-Thunderstorm,270
2014-7-10,31,27,23,25,23,22,100,87,58,1014,1012,1010,10,6,3,37,21,,0.00,6,Rain,277
2014-7-11,31,27,24,24,23,21,100,80,55,1014,1013,1011,10,7,5,42,26,66,0.00,6,Rain,267
2014-7-12,33,28,24,25,22,19,94,77,43,1013,1011,1009,10,7,5,40,27,85,0.00,5,Rain,267
2014-7-13,29,27,24,25,24,23,100,89,74,1012,1011,1009,8,6,3,34,21,,0.00,6,Rain,268
2014-7-14,31,28,25,25,23,21,100,79,55,1012,1010,1008,10,8,5,35,26,,0.00,5,,263
2014-7-15,30,28,25,23,23,22,89,79,62,1012,1010,1009,10,7,2,40,27,,0.00,6,Rain,259
2014-7-16,32,28,24,23,22,21,94,75,55,1013,1011,1009,10,8,6,42,26,,0.00,4,,249
2014-7-17,32,28,24,23,22,21,94,72,52,1013,1011,1009,10,9,6,45,27,,0.00,4,,253
2014-7-18,32,28,24,24,22,20,89,73,52,1013,1011,1010,10,8,6,39,26,,0.00,4,,255
2014-7-19,31,28,25,24,23,22,89,77,58,1014,1012,1010,10,8,6,39,27,55,0.00,5,,254
2014-7-20,32,28,25,23,22,21,89,73,52,1014,1012,1010,10,8,6,45,31,55,0.00,4,,262
2014-7-21,32,28,25,23,22,21,89,72,52,1013,1011,1009,10,9,6,45,27,,0.00,4,,261
2014-7-22,33,29,25,24,22,19,89,74,43,1013,1011,1009,10,7,4,42,26,53,0.00,5,Rain,262
2014-7-23,32,28,24,24,23,20,94,79,49,1014,1012,1009,10,7,4,45,26,60,0.00,4,Rain,257
2014-7-24,32,28,24,23,22,20,94,73,49,1015,1012,1010,10,8,6,39,27,69,0.00,4,,259
2014-7-25,33,28,24,26,24,22,100,82,55,1016,1013,1011,10,6,2,32,19,48,0.00,4,Rain,272
2014-7-26,34,29,25,26,24,22,100,80,49,1016,1014,1012,10,8,6,29,16,48,0.00,3,,283
2014-7-27,33,28,24,25,24,22,94,82,59,1016,1014,1012,10,8,6,27,16,40,0.00,4,,288
2014-7-28,32,28,24,25,23,19,94,76,46,1014,1012,1009,10,8,6,32,19,39,0.00,5,,276
2014-7-29,33,28,24,23,21,19,94,67,46,1013,1012,1010,10,8,5,45,27,58,0.00,4,,265
2014-7-30,32,28,24,24,22,21,89,75,52,1013,1012,1010,10,7,6,47,29,58,0.00,5,,260
2014-7-31,32,28,25,24,23,22,89,76,55,1013,1011,1009,10,8,6,35,27,,0.00,5,,254

