IST,Max TemperatureC,Mean TemperatureC,Min TemperatureC,Dew PointC,MeanDew PointC,Min DewpointC,Max Humidity, Mean Humidity, Min Humidity, Max Sea Level PressurehPa, Mean Sea Level PressurehPa, Min Sea Level PressurehPa, Max VisibilityKm, Mean VisibilityKm, Min VisibilitykM, Max Wind SpeedKm/h, Mean Wind SpeedKm/h, Max Gust SpeedKm/h,Precipitationmm, CloudCover, Events,WindDirDegrees
2014-6-1,37,30,24,24,22,18,100,63,32,1013,1011,1009,10,8,6,23,11,,0.00,2,Thunderstorm,290
2014-6-2,37,30,23,25,23,20,100,71,37,1014,1011,1008,10,6,1,50,13,69,0.00,3,Rain-Thunderstorm,289
2014-6-3,32,28,24,26,23,22,100,80,55,1013,1011,1009,10,8,6,21,14,,0.00,4,Rain,291
2014-6-4,34,29,25,26,24,21,100,71,49,1012,1010,1008,10,8,6,21,11,,0.00,2,,275
2014-6-5,34,30,26,26,24,21,94,71,46,1012,1009,1007,10,8,6,24,14,,0.00,2,,274
2014-6-6,34,28,23,25,24,22,100,76,55,1011,1009,1007,10,7,3,39,21,63,0.00,3,Rain-Thunderstorm,256
2014-6-7,34,30,26,26,24,23,94,72,52,1011,1009,1006,10,8,6,24,21,,0.00,3,,270
2014-6-8,35,30,26,25,24,23,94,73,49,1010,1008,1006,10,8,6,27,23,40,0.00,3,,259
2014-6-9,32,29,26,25,23,22,89,74,59,1012,1009,1007,10,8,6,34,24,47,0.00,4,,251
2014-6-10,32,29,26,24,23,21,84,68,55,1012,1010,1008,10,8,6,37,19,48,0.00,5,,243
2014-6-11,34,30,26,25,23,21,89,67,46,1012,1011,1008,10,9,6,34,24,,0.00,2,,259
2014-6-12,34,29,25,25,23,20,100,72,44,1013,1011,1009,10,8,6,34,23,48,0.00,3,,266
2014-6-13,34,29,25,25,23,21,94,72,46,1013,1011,1010,10,8,6,50,26,69,0.00,4,,274
2014-6-14,33,28,24,24,22,20,94,69,46,1014,1012,1010,10,8,6,39,23,47,0.00,3,,275
2014-6-15,33,29,25,24,22,20,89,68,49,1014,1012,1010,10,9,6,32,23,45,0.00,3,,274
2014-6-16,34,29,24,23,21,17,94,63,36,1014,1012,1009,10,8,6,34,23,48,0.00,2,,265
2014-6-17,33,28,24,23,22,20,94,69,46,1013,1011,1009,10,8,6,35,26,,0.00,4,,262
2014-6-18,32,29,26,25,22,20,89,71,49,1012,1011,1008,10,8,5,45,27,,0.00,4,Rain,263
2014-6-19,33,29,25,24,22,20,94,72,46,1012,1010,1009,10,8,6,39,26,,0.00,5,,260
2014-6-20,33,29,25,23,22,21,89,68,49,1013,1011,1009,10,8,6,40,27,,0.00,3,,260
2014-6-21,34,29,25,24,22,20,89,69,44,1015,1013,1011,10,7,6,40,27,58,0.00,4,,266
2014-6-22,34,29,25,24,22,19,89,68,41,1016,1014,1012,10,8,6,37,24,42,0.00,4,,270
2014-6-23,34,29,24,24,22,20,100,68,46,1015,1013,1011,10,8,6,32,21,48,0.00,3,,280
2014-6-24,35,30,25,23,21,18,89,62,36,1014,1011,1009,10,8,6,29,21,40,0.00,2,,287
2014-6-25,34,29,25,23,21,17,89,61,36,1013,1011,1009,10,9,8,29,23,,0.00,2,,281
2014-6-26,35,29,24,22,20,16,89,58,34,1014,1013,1011,10,9,6,27,18,,0.00,1,,282
2014-6-27,35,30,26,24,21,18,89,59,36,1015,1013,1011,10,9,6,23,16,,0.00,2,,284
2014-6-28,36,30,25,27,23,20,100,73,39,1016,1013,1010,10,7,1,29,11,,0.00,4,Rain-Thunderstorm,251
2014-6-29,34,29,25,26,24,22,100,79,49,1014,1012,1009,10,8,6,23,13,,0.00,3,Rain,273
2014-6-30,34,30,26,26,24,21,94,75,46,1014,1012,1009,10,8,6,39,14,53,0.00,4,Thunderstorm,270

