IST,Max TemperatureC,Mean TemperatureC,Min TemperatureC,Dew PointC,MeanDew PointC,Min DewpointC,Max Humidity, Mean Humidity, Min Humidity, Max Sea Level PressurehPa, Mean Sea Level PressurehPa, Min Sea Level PressurehPa, Max VisibilityKm, Mean VisibilityKm, Min VisibilitykM, Max Wind SpeedKm/h, Mean Wind SpeedKm/h, Max Gust SpeedKm/h,Precipitationmm, CloudCover, Events,WindDirDegrees
2013-6-1,26,23,21,22,21,19,100,88,65,1012,1010,1008,8,7,4,27,16,,0.00,4,Rain,262
2013-6-2,27,23,21,21,20,19,100,84,61,1012,1010,1008,8,6,6,32,18,,0.00,5,,263
2013-6-3,28,24,20,21,19,18,94,82,58,1012,1010,1008,10,8,6,26,19,95,0.00,6,Rain,267
2013-6-4,28,24,20,21,19,18,94,75,54,1013,1011,1009,10,7,6,26,16,40,0.00,4,,285
2013-6-5,30,26,21,21,19,18,100,72,48,1013,1011,1009,8,7,6,23,14,,0.00,3,,275
2013-6-6,29,26,22,21,20,19,88,75,55,1012,1010,1007,10,8,6,24,18,40,0.00,4,,274
2013-6-7,29,26,22,21,19,18,88,72,51,1012,1010,1007,10,8,6,34,19,,0.00,3,,254
2013-6-8,28,24,21,19,18,17,88,71,54,1013,1011,1009,10,7,6,35,24,,0.00,4,,256
2013-6-9,28,24,21,19,18,16,88,68,48,1013,1012,1009,10,8,6,42,31,,0.00,4,,263
2013-6-10,28,24,20,20,19,17,94,72,54,1013,1011,1009,10,8,6,39,23,,0.00,3,,262
2013-6-11,27,24,22,21,19,19,94,78,61,1012,1010,1008,10,7,5,32,24,,0.00,4,,264
2013-6-12,27,23,21,19,18,17,88,76,54,1011,1008,1006,6,5,4,37,24,97,0.00,6,,261
2013-6-13,29,24,21,19,17,14,88,68,40,1009,1007,1005,8,6,5,42,31,61,0.00,6,,262
2013-6-14,28,24,21,19,18,17,88,70,51,1008,1007,1005,8,6,5,47,29,,0.00,4,,259
2013-6-15,30,26,21,20,18,15,88,70,40,1010,1007,1006,10,7,6,40,29,55,0.00,3,,254
2013-6-16,28,24,22,21,18,18,88,72,54,1011,1009,1007,8,7,6,37,26,,0.00,4,,249
2013-6-17,28,24,21,20,19,18,88,74,54,1012,1010,1009,8,7,6,39,24,,0.00,5,,248
2013-6-18,28,24,21,19,18,17,88,70,51,1011,1010,1008,10,8,6,39,31,55,0.00,4,,260
2013-6-19,29,24,21,20,18,18,88,71,51,1013,1010,1008,10,8,6,34,24,,0.00,3,,260
2013-6-20,29,24,21,20,18,17,88,73,48,1013,1011,1009,8,7,5,27,21,40,0.00,4,,268
2013-6-21,29,24,21,20,19,17,94,73,48,1013,1011,1009,8,6,5,27,19,172,0.00,4,,266
2013-6-22,30,26,21,20,19,17,94,76,45,1013,1011,1008,10,7,6,35,24,,0.00,3,,262
2013-6-23,29,24,20,19,18,16,94,70,48,1012,1010,1007,10,8,6,35,21,,0.00,3,,271
2013-6-24,26,23,21,21,19,18,100,81,61,1011,1009,1008,8,6,4,37,26,48,0.00,4,Rain,263
2013-6-25,26,23,21,21,19,19,94,80,65,1014,1011,1010,8,7,6,37,23,,0.00,5,Rain,258
2013-6-26,29,24,21,22,20,19,94,80,55,1015,1013,1011,10,7,6,29,19,,0.00,5,,267
2013-6-27,29,24,21,21,19,17,100,78,51,1015,1013,1012,10,8,6,32,19,,0.00,4,Rain,275
2013-6-28,29,24,20,20,18,17,94,74,48,1015,1013,1011,10,8,6,27,18,35,0.00,4,,269
2013-6-29,28,24,20,19,18,16,94,70,48,1015,1013,1012,8,7,6,29,21,,0.00,4,,258
2013-6-30,29,24,20,19,18,16,88,68,45,1015,1014,1012,10,7,6,34,23,,0.00,4,,260

