IST,Max TemperatureC,Mean TemperatureC,Min TemperatureC,Dew PointC,MeanDew PointC,Min DewpointC,Max Humidity, Mean Humidity, Min Humidity, Max Sea Level PressurehPa, Mean Sea Level PressurehPa, Min Sea Level PressurehPa, Max VisibilityKm, Mean VisibilityKm, Min VisibilitykM, Max Wind SpeedKm/h, Mean Wind SpeedKm/h, Max Gust SpeedKm/h,Precipitationmm, CloudCover, Events,WindDirDegrees
2013-3-1,32,23,14,14,5,-5,82,39,11,1019,1016.98,1014,8.0,6.0,5.0,22,8,39,0.0,,,90
2013-3-2,31,23,15,13,6,2,63,37,17,1020,1017.51,1015,8.0,6.5,6.0,22,8,43,0.0,,,96
2013-3-3,32,24,15,14,7,1,88,41,14,1020,1017.51,1015,8.0,6.7,6.0,22,8,,0.0,,,72
2013-3-4,32,22,13,13,5,-10,88,44,6,1019,1017.39,1014,8.0,6.6,4.0,22,8,,0.0,,,92
2013-3-5,31,24,16,18,12,2,78,49,22,1020,1016.90,1014,10.0,6.9,5.0,24,10,,0.0,2,,90
2013-3-6,27,24,21,21,19,17,100,79,54,1020,1017.67,1015,10.0,6.0,3.0,24,15,,0.0,5,Rain,108
2013-3-7,28,24,21,22,20,18,100,83,54,1021,1018.17,1016,10.0,6.4,3.0,20,11,46,0.0,5,,105
2013-3-8,30,24,19,21,17,11,100,69,31,1021,1018.33,1016,10.0,7.0,2.0,17,10,28,0.0,5,,115
2013-3-9,32,25,18,21,15,9,100,60,24,1020,1017.21,1014,10.0,7.5,6.0,17,8,,0.0,2,,105
2013-3-10,33,26,20,22,15,9,100,62,23,1018,1015.42,1012,10.0,6.3,0.1,18,7,30,0.0,3,Fog,132
2013-3-11,32,26,19,21,14,9,100,54,25,1019,1016.11,1014,10.0,6.9,4.0,22,10,,0.0,2,,141
2013-3-12,33,26,19,17,9,4,78,39,17,1019,1016.65,1014,10.0,7.2,4.0,18,7,28,0.0,2,,144
2013-3-13,33,24,16,13,8,4,73,37,16,1019,1016.60,1013,8.0,6.4,6.0,18,7,,0.0,1,,137
2013-3-14,32,24,17,14,9,5,72,39,18,1019,1016.45,1014,8.0,5.7,5.0,22,8,24,0.0,1,,115
2013-3-15,31,24,16,18,13,7,94,55,23,1020,1016.82,1014,10.0,6.8,3.0,15,8,,0.0,2,,116
2013-3-16,31,24,17,19,14,8,88,56,24,1020,1017.66,1016,10.0,7.6,6.0,20,13,33,0.0,1,,134
2013-3-17,32,26,19,18,14,7,94,54,22,1019,1016.85,1014,10.0,7.7,6.0,20,10,,0.0,2,,121
2013-3-18,33,26,18,14,7,-4,77,38,10,1017,1014.98,1012,8.0,6.3,6.0,18,8,,0.0,1,,113
2013-3-19,33,26,19,18,10,2,94,45,14,1017,1014.86,1012,10.0,7.1,6.0,18,10,,0.0,1,,122
2013-3-20,33,26,18,17,11,5,83,44,17,1018,1015.65,1013,10.0,7.4,6.0,18,8,,0.0,1,,119
2013-3-21,32,25,18,18,10,2,94,46,16,1017,1015.02,1012,10.0,6.9,6.0,18,8,,0.0,2,,142
2013-3-22,33,26,18,18,11,8,77,43,21,1016,1013.25,1010,10.0,7.7,6.0,17,8,,0.0,2,,149
2013-3-23,33,27,21,16,10,4,73,39,16,1016,1013.90,1012,10.0,7.3,6.0,20,11,,0.0,1,,144
2013-3-24,33,25,17,16,9,0,82,40,12,1017,1014.80,1012,8.0,6.9,6.0,22,9,,0.0,,,106
2013-3-25,33,26,19,19,14,9,94,52,23,1018,1014.70,1011,10.0,7.9,6.0,22,7,,0.0,3,,155
2013-3-26,35,28,21,20,13,7,83,44,18,1016,1013.44,1010,10.0,7.8,6.0,17,9,,0.0,3,,142
2013-3-27,35,28,21,20,12,7,78,42,19,1016,1013.67,1011,10.0,7.9,6.0,20,9,,0.0,2,,124
2013-3-28,35,26,18,22,11,3,100,48,13,1017,1014.33,1011,8.0,5.7,0.8,18,6,,0.0,2,Fog,147
2013-3-29,35,28,22,20,14,8,83,46,20,1016,1013.79,1011,10.0,7.8,6.0,20,10,,0.0,1,,263
2013-3-30,34,28,23,23,18,12,100,59,26,1015,1012.92,1010,10.0,7.1,4.0,17,11,,0.0,2,,152
2013-3-31,36,28,21,23,19,14,100,66,27,1016,1013.33,1010,10.0,6.2,2.0,35,11,65,0.0,3,Rain-Thunderstorm,169

