IST,Max TemperatureC,Mean TemperatureC,Min TemperatureC,Dew PointC,MeanDew PointC,Min DewpointC,Max Humidity, Mean Humidity, Min Humidity, Max Sea Level PressurehPa, Mean Sea Level PressurehPa, Min Sea Level PressurehPa, Max VisibilityKm, Mean VisibilityKm, Min VisibilitykM, Max Wind SpeedKm/h, Mean Wind SpeedKm/h, Max Gust SpeedKm/h,Precipitationmm, CloudCover, Events,WindDirDegrees
2014-3-1,32,28,24,23,22,19,94,74,49,1018,1016,1013,10,8,6,21,13,34,0.00,3,,130
2014-3-2,34,28,23,23,21,15,100,70,32,1018,1015,1012,10,8,4,21,8,,0.00,3,Rain-Thunderstorm,136
2014-3-3,32,28,24,24,21,18,94,72,46,1018,1015,1013,10,7,6,23,14,34,0.00,4,,135
2014-3-4,32,27,23,22,21,18,94,69,43,1019,1016,1014,10,8,6,16,13,,0.00,3,,135
2014-3-5,33,28,24,23,21,16,94,69,36,1020,1016,1014,10,7,6,19,13,,0.00,3,,121
2014-3-6,33,28,23,23,21,17,94,69,38,1019,1017,1014,10,8,6,19,13,,0.00,3,,124
2014-3-7,32,27,23,24,22,18,100,77,46,1020,1017,1014,10,6,1,23,13,39,0.00,4,Rain-Thunderstorm,107
2014-3-8,33,27,21,23,19,12,100,70,28,1020,1018,1015,10,6,3,16,8,,0.00,3,,100
2014-3-9,33,27,21,22,18,13,100,64,31,1020,1017,1015,10,8,6,23,13,,0.00,3,,112
2014-3-10,33,28,23,22,18,13,94,62,29,1020,1017,1015,10,8,6,23,10,,0.00,4,,108
2014-3-11,33,27,22,22,17,12,94,60,31,1020,1017,1015,10,8,5,23,16,,0.00,3,,115
2014-3-12,34,27,21,20,16,10,94,52,24,1020,1018,1015,10,8,5,29,13,,0.00,3,,123
2014-3-13,34,26,18,16,11,6,88,41,20,1020,1017,1015,10,8,6,26,11,,0.00,3,,111
2014-3-14,35,27,18,18,12,6,88,45,17,1020,1017,1015,8,6,6,26,10,39,0.00,,,102
2014-3-15,35,26,17,16,11,3,88,41,13,1021,1019,1016,8,8,6,26,10,32,0.00,,,103
2014-3-16,36,27,18,17,12,7,83,42,17,1022,1020,1017,8,7,6,27,10,177,0.00,,,98
2014-3-17,36,27,19,18,12,4,94,43,14,1021,1019,1016,10,8,6,21,8,27,0.00,,,94
2014-3-18,37,28,20,17,10,0,83,38,10,1021,1018,1015,8,6,6,19,10,,0.00,,,102
2014-3-19,37,28,19,16,8,2,78,33,11,1020,1017,1015,8,7,6,19,8,,0.00,,,103
2014-3-20,37,28,20,22,12,4,88,40,13,1019,1016,1013,8,6,6,21,6,,0.00,,,86
2014-3-21,37,29,21,22,13,6,88,42,15,1018,1015,1012,10,8,6,19,6,,0.00,1,,110
2014-3-22,36,29,23,21,16,11,78,44,22,1016,1013,1011,10,9,6,14,6,27,0.00,3,,149
2014-3-23,37,30,23,18,14,10,69,39,19,1016,1014,1012,10,9,6,21,10,,0.00,3,,131
2014-3-24,37,29,22,20,10,1,83,37,10,1018,1016,1013,10,6,6,24,10,,0.00,,,117
2014-3-25,38,29,20,16,11,6,78,37,14,1018,1015,1012,8,7,6,26,8,35,0.00,,,118
2014-3-26,37,29,21,17,11,3,73,37,12,1017,1015,1012,8,6,6,27,10,,0.00,3,,107
2014-3-27,37,28,19,18,10,2,88,39,12,1019,1016,1014,8,6,6,26,10,,0.00,,,114
2014-3-28,36,28,20,16,9,4,78,35,14,1019,1016,1014,8,7,6,26,8,48,0.00,,,117
2014-3-29,38,29,21,14,10,6,64,32,14,1018,1015,1012,8,7,6,24,6,47,0.00,,,108
2014-3-30,38,29,21,16,12,9,68,34,17,1017,1015,1012,6,6,6,21,8,,0.00,,,127
2014-3-31,38,30,23,19,13,8,65,36,17,1017,1015,1012,10,8,6,16,6,,0.00,1,,162
