IST,Max TemperatureC,Mean TemperatureC,Min TemperatureC,Dew PointC,MeanDew PointC,Min DewpointC,Max Humidity, Mean Humidity, Min Humidity, Max Sea Level PressurehPa, Mean Sea Level PressurehPa, Min Sea Level PressurehPa, Max VisibilityKm, Mean VisibilityKm, Min VisibilitykM, Max Wind SpeedKm/h, Mean Wind SpeedKm/h, Max Gust SpeedKm/h,Precipitationmm, CloudCover, Events,WindDirDegrees
2013-5-1,35,28,21,20,14,8,94,49,20,1015,1013,1009,10,6,6,24,10,,0.00,1,,130
2013-5-2,36,29,22,21,14,9,88,46,19,1013,1011,1008,10,8,6,21,6,,0.00,1,,136
2013-5-3,35,29,23,22,18,13,88,57,26,1013,1011,1007,10,7,5,21,14,27,0.00,3,Rain-Thunderstorm,270
2013-5-4,35,29,23,21,18,14,83,59,28,1013,1010,1008,10,8,4,19,10,,0.00,3,Rain-Thunderstorm,256
2013-5-5,34,28,23,21,18,15,88,57,32,1014,1011,1009,10,8,6,19,8,,0.00,2,,196
2013-5-6,34,28,23,23,18,14,100,57,31,1014,1012,1009,10,8,6,14,8,29,0.00,2,Thunderstorm,164
2013-5-7,34,28,23,21,17,11,88,52,24,1014,1012,1009,10,8,6,14,10,34,0.00,3,,158
2013-5-8,35,28,20,22,19,16,100,63,32,1014,1012,1009,10,7,3,47,10,69,0.00,2,Rain-Thunderstorm,245
2013-5-9,34,28,22,20,19,16,88,63,34,1015,1013,1010,10,7,6,23,13,,0.00,3,Thunderstorm,265
2013-5-10,34,28,22,21,19,14,88,65,32,1016,1012,1009,10,7,3,34,13,24,0.00,3,Rain-Thunderstorm,267
2013-5-11,34,28,22,20,18,14,88,60,30,1015,1011,1007,10,7,6,26,13,,0.00,3,Rain-Thunderstorm,266
2013-5-12,31,26,22,21,18,15,88,66,43,1014,1011,1009,10,8,6,34,14,53,0.00,4,Thunderstorm,289
2013-5-13,31,26,22,21,18,14,94,63,35,1013,1010,1008,10,7,6,21,10,,0.00,5,,277
2013-5-14,31,26,22,21,17,13,94,57,33,1012,1010,1008,8,7,6,26,19,,0.00,3,,272
2013-5-15,33,27,22,19,15,10,78,51,26,1012,1010,1008,10,8,6,24,18,35,0.00,1,,276
2013-5-16,33,27,22,19,14,9,73,47,24,1014,1011,1009,10,8,6,26,18,,0.00,2,,272
2013-5-17,35,28,22,18,16,12,73,47,25,1014,1012,1010,10,7,6,24,10,,0.00,2,,284
2013-5-18,36,29,23,22,17,13,94,51,25,1014,1012,1009,10,7,6,26,11,,0.00,3,Rain,272
2013-5-19,34,28,23,22,20,15,94,69,34,1014,1012,1009,10,7,6,26,11,,0.00,4,Rain-Thunderstorm,265
2013-5-20,33,26,19,22,21,18,100,78,46,1015,1012,1009,8,6,1,29,10,48,0.00,3,Rain-Thunderstorm,240
2013-5-21,33,27,21,21,18,14,88,62,31,1014,1013,1010,10,8,6,21,13,,0.00,3,,270
2013-5-22,34,27,21,22,20,17,100,68,41,1015,1012,1009,8,7,2,35,18,100,0.00,2,Rain-Thunderstorm,262
2013-5-23,34,27,21,21,18,15,94,62,34,1014,1012,1009,8,7,6,26,19,,0.00,2,,257
2013-5-24,34,28,23,22,18,13,94,58,28,1014,1012,1010,8,7,6,32,23,,0.00,2,,265
2013-5-25,31,26,22,20,15,13,69,48,33,1014,1013,1010,10,7,6,32,24,42,0.00,4,,268
2013-5-26,33,28,23,21,18,15,88,60,36,1015,1012,1009,10,8,6,34,24,,0.00,3,,276
2013-5-27,30,26,21,19,18,16,83,64,45,1015,1013,1011,10,8,6,27,18,39,0.00,3,,267
2013-5-28,31,26,22,21,19,18,88,69,46,1015,1013,1010,10,7,5,34,16,,0.00,3,Rain,276
2013-5-29,31,26,21,22,20,17,100,72,45,1014,1012,1009,10,7,4,24,16,34,0.00,4,Rain,276
2013-5-30,31,26,22,22,20,17,100,76,45,1013,1011,1008,10,7,4,27,16,,0.00,4,Rain-Thunderstorm,274
2013-5-31,29,24,21,22,21,19,100,85,55,1013,1010,1007,10,7,1,29,14,,0.00,4,Rain-Thunderstorm,278

