IST,Max TemperatureC,Mean TemperatureC,Min TemperatureC,Dew PointC,MeanDew PointC,Min DewpointC,Max Humidity, Mean Humidity, Min Humidity, Max Sea Level PressurehPa, Mean Sea Level PressurehPa, Min Sea Level PressurehPa, Max VisibilityKm, Mean VisibilityKm, Min VisibilitykM, Max Wind SpeedKm/h, Mean Wind SpeedKm/h, Max Gust SpeedKm/h,Precipitationmm, CloudCover, Events,WindDirDegrees
2014-5-1,38,32,26,25,19,14,94,50,25,1015,1013,1010,10,8,6,21,10,,0.00,2,,160
2014-5-2,38,33,28,22,19,16,66,47,27,1015,1013,1010,10,9,6,24,11,24,0.00,3,Rain,162
2014-5-3,37,31,26,25,21,14,94,57,25,1015,1013,1010,10,8,6,27,11,48,0.00,3,,121
2014-5-4,37,31,25,24,21,15,89,56,28,1015,1012,1009,10,9,6,24,11,,0.00,3,,101
2014-5-5,36,31,26,25,21,17,89,60,32,1015,1013,1010,10,9,6,24,13,,0.00,3,Rain,109
2014-5-6,33,29,26,25,23,21,94,76,49,1016,1014,1011,10,8,6,29,14,32,0.00,3,,129
2014-5-7,32,28,25,26,23,21,100,76,52,1015,1013,1011,10,7,6,27,18,,0.00,5,,112
2014-5-8,31,27,24,26,24,22,100,87,62,1013,1012,1010,10,6,3,34,18,,0.00,6,Rain,141
2014-5-9,31,27,24,26,24,23,100,82,62,1014,1011,1009,8,7,4,34,14,47,0.00,5,Rain,223
2014-5-10,36,30,24,25,22,19,100,68,39,1015,1012,1010,10,8,6,21,14,37,0.00,2,,285
2014-5-11,37,31,26,25,20,14,94,57,28,1017,1014,1012,10,8,6,19,11,,0.00,2,,284
2014-5-12,38,31,25,23,18,14,89,47,24,1017,1014,1012,10,9,8,14,6,,0.00,3,,305
2014-5-13,38,32,27,22,18,15,70,42,25,1017,1014,1012,10,8,6,21,8,,0.00,3,,269
2014-5-14,37,32,27,24,17,13,79,43,24,1017,1014,1011,10,8,6,24,14,,0.00,2,,288
2014-5-15,37,31,26,22,17,12,78,44,22,1015,1013,1010,10,8,6,19,13,,0.00,3,,280
2014-5-16,37,31,26,23,18,12,83,46,22,1014,1012,1010,10,8,6,19,14,,0.00,2,,269
2014-5-17,36,31,26,24,21,2,84,62,19,1016,1014,1011,10,7,4,32,14,,0.00,3,Rain-Thunderstorm,261
2014-5-18,37,31,26,25,21,16,94,57,30,1015,1013,1011,10,8,6,16,11,,0.00,3,,253
2014-5-19,39,32,25,26,21,14,100,60,24,1016,1013,1010,10,7,3,23,8,,0.00,3,Rain-Thunderstorm,221
2014-5-20,36,27,18,25,23,18,100,81,39,1017,1013,1010,10,5,0,55,11,103,0.00,5,Rain-Thunderstorm,276
2014-5-21,35,29,24,26,23,20,100,70,41,1016,1013,1010,10,7,3,29,11,,0.00,3,Rain,276
2014-5-22,36,31,26,25,23,19,89,63,37,1014,1012,1009,10,8,6,24,18,40,0.00,1,,277
2014-5-23,37,31,26,26,22,17,94,60,30,1013,1011,1008,10,8,6,24,18,,0.00,2,,275
2014-5-24,37,32,28,26,21,16,84,56,29,1014,1011,1009,10,8,6,26,16,,0.00,2,,277
2014-5-25,36,29,23,24,21,17,89,58,32,1014,1012,1009,10,8,3,26,18,,0.00,3,Rain-Thunderstorm,264
2014-5-26,36,31,26,25,23,20,94,63,41,1014,1012,1010,10,8,6,23,14,,0.00,2,,277
2014-5-27,37,31,24,26,24,20,100,73,39,1017,1013,1009,10,6,1,27,11,,0.00,3,Rain-Thunderstorm,221
2014-5-28,35,29,23,27,23,18,100,71,38,1017,1013,1010,10,7,3,23,11,,0.00,4,Rain-Thunderstorm,310
2014-5-29,36,30,25,24,22,18,94,62,34,1015,1014,1011,10,7,6,27,14,,0.00,3,,268
2014-5-30,36,30,25,24,22,18,94,63,34,1015,1013,1010,10,9,6,23,14,,0.00,3,,283
2014-5-31,37,31,25,24,22,19,94,62,37,1014,1011,1009,10,8,5,34,14,,0.00,3,Rain-Thunderstorm,285
