IST,Max TemperatureC,Mean TemperatureC,Min TemperatureC,Dew PointC,MeanDew PointC,Min DewpointC,Max Humidity, Mean Humidity, Min Humidity, Max Sea Level PressurehPa, Mean Sea Level PressurehPa, Min Sea Level PressurehPa, Max VisibilityKm, Mean VisibilityKm, Min VisibilitykM, Max Wind SpeedKm/h, Mean Wind SpeedKm/h, Max Gust SpeedKm/h,Precipitationmm, CloudCover, Events,WindDirDegrees
2013-11-1,31,26,20,21,19,17,94,72,48,1019,1017,1014,10,6,0,14,5,,0.00,3,Fog-Thunderstorm,57
2013-11-2,30,26,21,21,19,17,88,73,45,1019,1017,1014,8,7,4,24,8,,0.00,3,Thunderstorm,79
2013-11-3,30,26,21,22,20,17,94,81,51,1019,1017,1014,8,6,3,34,6,,0.00,4,Rain-Thunderstorm,66
2013-11-4,29,26,22,20,19,17,88,73,51,1021,1018,1016,10,7,3,24,13,,0.00,3,,71
2013-11-5,28,24,20,19,18,16,94,72,48,1021,1018,1016,10,6,2,19,8,,0.00,4,,62
2013-11-6,29,24,19,19,17,15,94,73,45,1021,1018,1016,10,6,0,21,8,,0.00,4,Fog,73
2013-11-7,30,25,20,19,17,15,94,66,40,1020,1017,1014,10,7,4,14,6,,0.00,3,,82
2013-11-8,29,24,19,19,17,14,88,67,42,1019,1016,1014,8,5,1,14,6,,0.00,3,Fog,69
2013-11-9,29,23,18,17,15,14,94,67,40,1019,1016,1013,10,5,0,13,3,,0.00,3,Fog,51
2013-11-10,30,24,18,17,16,14,94,69,37,1018,1015,1014,10,6,0,14,3,,0.00,2,Fog,66
2013-11-11,29,24,19,19,17,14,94,72,40,1017,1015,1012,8,5,0,11,2,,0.00,3,Fog,47
2013-11-12,30,24,18,17,17,16,88,69,45,1017,1015,1013,8,6,2,8,0,,0.00,3,,47
2013-11-13,29,23,18,18,16,15,94,68,42,1018,1015,1013,10,7,2,14,2,,0.00,2,,48
2013-11-14,29,23,17,16,14,13,83,61,39,1018,1015,1013,10,7,4,14,2,,0.00,1,,359
2013-11-15,28,21,15,18,13,9,94,61,30,1018,1015,1014,10,7,6,14,5,,0.00,2,,44
2013-11-16,23,21,19,20,19,17,100,89,73,1018,1016,1014,6,5,4,21,11,,0.00,6,Rain,33
2013-11-17,26,22,19,23,20,19,100,93,65,1018,1016,1014,10,6,3,24,14,,0.00,5,,79
2013-11-18,28,24,20,24,21,20,100,91,70,1019,1017,1015,10,7,5,19,11,,0.00,4,Rain,79
2013-11-19,29,23,18,21,19,15,100,80,48,1019,1017,1014,10,7,4,14,6,,0.00,2,,56
2013-11-20,29,23,18,23,17,11,100,74,35,1017,1015,1012,10,5,1,14,3,,0.00,3,,343
2013-11-21,31,23,16,19,16,10,100,70,30,1015,1013,1010,10,5,2,11,3,,0.00,1,,63
2013-11-22,30,23,16,20,17,11,100,71,33,1016,1014,1012,10,7,3,13,5,,0.00,2,,52
2013-11-23,29,24,20,23,21,18,100,92,51,1017,1015,1013,8,4,0,19,6,163,0.00,5,Fog-Rain-Thunderstorm,135
2013-11-24,27,23,20,22,21,18,100,87,58,1019,1016,1014,10,6,2,16,8,,0.00,5,,99
2013-11-25,28,24,21,22,21,17,100,84,51,1018,1015,1013,10,7,5,13,6,,0.00,3,,100
2013-11-26,29,24,20,22,20,17,100,82,48,1016,1014,1012,10,6,0,16,5,,0.00,2,Fog,75
2013-11-27,28,23,18,22,18,14,100,77,42,1017,1015,1013,10,6,1,19,5,,0.00,2,,37
2013-11-28,28,23,18,20,16,8,100,69,28,1018,1015,1013,8,5,1,14,5,,0.00,2,Fog,326
2013-11-29,28,23,18,21,18,15,100,78,45,1019,1016,1014,8,5,2,13,6,32,0.00,2,,157
2013-11-30,29,24,20,21,18,13,100,75,37,1019,1017,1014,8,5,1,13,8,,0.00,4,,107

