IST,Max TemperatureC,Mean TemperatureC,Min TemperatureC,Dew PointC,MeanDew PointC,Min DewpointC,Max Humidity, Mean Humidity, Min Humidity, Max Sea Level PressurehPa, Mean Sea Level PressurehPa, Min Sea Level PressurehPa, Max VisibilityKm, Mean VisibilityKm, Min VisibilitykM, Max Wind SpeedKm/h, Mean Wind SpeedKm/h, Max Gust SpeedKm/h,Precipitationmm, CloudCover, Events,WindDirDegrees
2013-10-1,28,24,20,20,19,17,100,78,54,1014,1012,1009,10,7,6,23,14,,0.00,4,,284
2013-10-2,29,24,21,20,19,17,94,75,48,1015,1013,1010,8,7,6,21,14,,0.00,3,,263
2013-10-3,28,24,21,20,19,17,94,74,51,1015,1013,1011,10,7,5,23,16,121,0.00,5,,250
2013-10-4,29,24,19,18,17,14,88,65,45,1016,1014,1012,10,8,6,27,19,,0.00,3,,248
2013-10-5,27,22,18,18,17,14,94,68,45,1016,1014,1012,10,8,6,27,19,,0.00,5,,240
2013-10-6,28,24,20,21,18,16,88,71,54,1016,1014,1011,10,8,6,26,18,,0.00,4,,246
2013-10-7,29,24,21,21,20,18,100,76,54,1016,1014,1012,10,7,6,21,13,,0.00,4,,265
2013-10-8,26,23,20,22,21,19,100,85,69,1018,1015,1013,10,7,3,24,14,97,0.00,5,Rain-Thunderstorm,282
2013-10-9,28,23,19,21,20,18,100,82,54,1017,1015,1012,10,8,6,26,13,,0.00,4,Rain,266
2013-10-10,28,24,20,21,19,17,100,80,51,1017,1015,1013,10,7,5,23,13,,0.00,4,,280
2013-10-11,28,24,20,20,18,16,100,74,48,1017,1014,1012,10,7,5,23,16,,0.00,3,Rain,284
2013-10-12,28,23,18,18,17,15,94,71,45,1015,1012,1009,10,8,6,27,18,40,0.00,3,,280
2013-10-13,28,24,20,20,18,17,94,76,54,1014,1012,1010,10,8,6,27,21,48,0.00,3,,272
2013-10-14,29,24,20,20,19,18,100,75,51,1016,1014,1011,8,7,6,24,11,47,0.00,3,,287
2013-10-15,27,23,21,22,21,19,100,82,61,1017,1014,1012,8,7,6,16,10,,0.00,4,,297
2013-10-16,28,24,21,22,21,18,100,85,54,1017,1014,1011,10,6,4,24,6,,0.00,3,Rain,331
2013-10-17,29,24,21,22,20,17,100,80,48,1016,1014,1012,10,6,1,16,6,,0.00,3,,85
2013-10-18,29,24,20,23,19,17,100,79,48,1017,1015,1013,8,5,3,16,6,,0.00,4,,74
2013-10-19,29,24,20,22,20,17,100,83,48,1017,1015,1012,10,6,1,14,5,,0.00,3,Fog,95
2013-10-20,26,23,20,21,19,16,100,82,61,1017,1014,1011,10,7,4,13,6,,0.00,6,,20
2013-10-21,25,22,20,21,21,19,100,94,73,1014,1012,1009,6,5,1,24,6,40,0.00,6,Rain,326
2013-10-22,24,22,20,22,21,19,100,97,83,1013,1011,1009,6,5,3,16,8,,0.00,6,Rain,311
2013-10-23,24,22,20,22,21,20,100,96,83,1013,1011,1009,8,5,2,16,10,,0.00,6,Rain,305
2013-10-24,26,23,20,22,21,20,100,90,69,1013,1011,1009,10,7,5,23,11,,0.00,6,Rain-Thunderstorm,266
2013-10-25,26,23,20,23,21,20,100,94,69,1013,1011,1009,10,5,1,21,13,,0.00,6,Rain,258
2013-10-26,28,24,21,21,20,17,100,81,51,1015,1013,1011,8,7,6,24,13,,0.00,5,,261
2013-10-27,29,24,20,20,19,17,94,76,48,1017,1015,1013,8,6,2,19,8,,0.00,4,,286
2013-10-28,28,24,22,21,20,19,88,76,61,1018,1016,1014,8,5,2,14,3,,0.00,5,Rain,297
2013-10-29,30,26,22,21,19,16,88,69,43,1019,1017,1014,10,7,4,14,3,,0.00,3,,65
2013-10-30,29,26,22,21,18,16,94,69,45,1020,1017,1015,6,5,2,11,5,,0.00,4,,57
2013-10-31,30,24,19,18,17,15,88,65,40,1019,1017,1015,10,7,1,11,3,,0.00,3,,70

