IST,Max TemperatureC,Mean TemperatureC,Min TemperatureC,Dew PointC,MeanDew PointC,Min DewpointC,Max Humidity, Mean Humidity, Min Humidity, Max Sea Level PressurehPa, Mean Sea Level PressurehPa, Min Sea Level PressurehPa, Max VisibilityKm, Mean VisibilityKm, Min VisibilitykM, Max Wind SpeedKm/h, Mean Wind SpeedKm/h, Max Gust SpeedKm/h,Precipitationmm, CloudCover, Events,WindDirDegrees
2014-9-1,31,27,24,25,23,22,100,81,58,1011,1009,1007,10,7,3,37,24,,0.00,5,Rain,254
2014-9-2,31,27,24,24,23,22,94,79,58,1014,1011,1009,10,8,6,29,19,52,0.00,5,,236
2014-9-3,31,27,23,25,23,22,100,80,58,1015,1013,1011,10,8,5,24,18,,0.00,5,Rain,247
2014-9-4,30,27,24,23,22,21,94,75,58,1015,1014,1012,10,7,5,32,21,174,0.00,6,,252
2014-9-5,32,28,24,24,23,21,100,78,55,1016,1014,1011,10,8,6,32,21,,0.00,6,,256
2014-9-6,31,27,24,25,23,21,100,82,55,1014,1012,1010,10,7,3,34,23,61,0.00,5,Rain,269
2014-9-7,31,27,24,24,23,22,100,79,58,1015,1012,1010,10,8,6,32,21,47,0.00,4,,268
2014-9-8,32,27,23,23,22,19,100,74,49,1016,1013,1011,10,8,6,35,23,,0.00,2,,257
2014-9-9,33,27,22,23,21,18,100,70,41,1016,1014,1012,10,8,6,32,21,,0.00,3,,271
2014-9-10,33,27,22,23,21,17,100,70,38,1016,1014,1011,10,8,6,27,18,,0.00,3,,273
2014-9-11,33,28,23,23,21,18,100,67,41,1017,1014,1012,10,8,6,24,16,,0.00,2,,279
2014-9-12,34,28,23,23,21,18,100,68,41,1018,1015,1012,10,8,5,24,14,,0.00,2,,285
2014-9-13,32,28,24,23,21,19,89,68,46,1017,1014,1011,10,9,6,26,16,,0.00,3,,285
2014-9-14,32,28,24,24,22,20,94,74,49,1015,1013,1010,10,8,6,29,18,,0.00,3,,276
2014-9-15,33,28,24,24,22,20,94,74,46,1015,1012,1009,10,8,6,29,18,,0.00,3,,286
2014-9-16,32,28,24,23,22,20,94,74,49,1014,1011,1008,10,8,5,35,23,,0.00,4,,275
2014-9-17,33,28,24,25,23,21,94,76,59,1013,1010,1007,10,7,6,26,19,,0.00,4,Rain,284
2014-9-18,31,27,23,23,22,17,100,75,43,1015,1012,1010,10,8,6,24,14,,0.00,5,,294
2014-9-19,31,26,21,24,22,21,100,79,58,1015,1013,1010,10,7,2,26,16,42,0.00,5,Rain,288
2014-9-20,29,27,24,25,23,22,100,84,66,1014,1013,1010,10,8,5,26,18,,0.00,5,,284
2014-9-21,31,27,23,24,23,22,100,82,58,1015,1013,1011,10,8,6,19,13,,0.00,4,,290
2014-9-22,32,28,25,25,23,22,100,76,55,1016,1014,1012,10,8,6,14,6,,0.00,4,,306
2014-9-23,34,29,24,26,24,21,100,77,49,1016,1013,1011,10,8,3,16,8,,0.00,5,Rain-Thunderstorm,323
2014-9-24,34,29,25,26,24,22,100,83,49,1016,1014,1010,8,6,4,23,10,,0.00,5,Rain-Thunderstorm,234
2014-9-25,33,28,23,25,24,22,100,84,52,1016,1014,1011,10,7,2,24,8,,0.00,4,Rain-Thunderstorm,104
2014-9-26,33,28,23,26,24,22,100,83,52,1017,1015,1012,8,6,3,26,6,45,0.00,4,Rain-Thunderstorm,134
2014-9-27,34,29,24,26,23,19,100,77,43,1018,1016,1013,10,8,6,19,10,,0.00,3,,118
2014-9-28,33,28,24,26,25,22,100,86,55,1018,1016,1013,10,6,1,23,10,,0.00,4,Rain-Thunderstorm,100
2014-9-29,33,28,23,26,24,22,100,85,52,1018,1016,1013,10,8,3,19,10,48,0.00,3,Rain,123
2014-9-30,34,29,24,27,26,24,100,85,59,1017,1015,1012,10,7,4,19,10,,0.00,3,Rain-Thunderstorm,116

