IST,Max TemperatureC,Mean TemperatureC,Min TemperatureC,Dew PointC,MeanDew PointC,Min DewpointC,Max Humidity, Mean Humidity, Min Humidity, Max Sea Level PressurehPa, Mean Sea Level PressurehPa, Min Sea Level PressurehPa, Max VisibilityKm, Mean VisibilityKm, Min VisibilitykM, Max Wind SpeedKm/h, Mean Wind SpeedKm/h, Max Gust SpeedKm/h,Precipitationmm, CloudCover, Events,WindDirDegrees
2013-9-1,31,26,20,22,19,15,100,76,40,1017,1013,1010,10,8,3,24,10,34,0.00,3,Rain-Thunderstorm,95
2013-9-2,30,24,19,21,19,19,100,84,51,1018,1014,1011,10,6,1,32,11,,0.00,4,Rain-Thunderstorm,275
2013-9-3,29,24,19,21,20,17,100,87,54,1017,1015,1011,10,7,3,23,11,,0.00,5,Rain-Thunderstorm,249
2013-9-4,26,23,20,21,20,19,100,86,65,1017,1015,1013,10,7,5,21,11,,0.00,6,,271
2013-9-5,27,23,20,21,19,18,100,83,61,1016,1014,1011,10,8,6,23,14,,0.00,4,,280
2013-9-6,27,23,20,21,19,18,100,80,58,1016,1014,1012,10,7,6,19,13,,0.00,5,,292
2013-9-7,24,22,20,21,20,19,100,85,73,1016,1014,1011,10,8,6,23,14,,0.00,5,,291
2013-9-8,25,22,19,22,21,19,100,95,69,1015,1013,1011,10,6,4,19,13,,0.00,6,Rain,293
2013-9-9,24,22,20,21,20,20,100,92,78,1015,1013,1011,8,7,3,19,13,,0.00,6,Rain,284
2013-9-10,26,23,20,21,21,20,100,89,69,1014,1011,1008,10,7,2,23,14,,0.00,5,Rain,266
2013-9-11,24,22,20,22,21,20,100,93,78,1013,1011,1009,10,6,4,23,14,,0.00,6,Rain,289
2013-9-12,25,22,20,23,21,20,100,92,74,1014,1012,1010,10,6,1,16,11,,0.00,6,Rain-Thunderstorm,271
2013-9-13,26,23,20,23,21,20,100,91,69,1015,1013,1010,10,5,1,26,14,,0.00,4,Rain-Thunderstorm,271
2013-9-14,28,24,21,23,22,20,100,90,62,1014,1012,1009,10,6,2,21,10,,0.00,6,Rain,274
2013-9-15,28,24,21,22,21,19,100,84,61,1012,1010,1007,10,7,4,21,13,,0.00,5,,251
2013-9-16,28,24,21,21,20,20,94,79,62,1012,1010,1007,8,7,6,26,18,,0.00,4,,232
2013-9-17,27,23,21,22,21,19,100,85,61,1011,1009,1006,8,7,4,23,16,,0.00,5,Rain-Thunderstorm,241
2013-9-18,28,24,21,22,21,19,100,81,58,1011,1009,1007,10,7,5,34,21,,0.00,4,,251
2013-9-19,28,24,21,21,20,19,94,80,58,1011,1009,1006,10,8,6,29,21,,0.00,4,,255
2013-9-20,26,23,21,22,21,19,100,89,74,1011,1008,1006,6,5,3,29,23,,0.00,6,Rain,265
2013-9-21,27,23,21,20,20,19,94,83,61,1012,1010,1008,10,7,6,29,19,,0.00,5,,266
2013-9-22,27,23,20,20,18,16,94,76,54,1013,1011,1009,10,7,6,34,21,,0.00,4,,259
2013-9-23,28,23,19,19,17,15,94,70,45,1014,1011,1009,10,8,6,32,19,,0.00,2,,263
2013-9-24,28,24,20,19,18,17,94,73,54,1014,1012,1010,10,7,6,24,14,,0.00,2,,248
2013-9-25,27,22,18,20,19,18,100,76,58,1016,1014,1012,10,7,6,23,13,,0.00,3,,260
2013-9-26,29,24,19,20,18,14,100,70,40,1018,1015,1013,10,7,6,21,13,,0.00,2,,257
2013-9-27,29,24,20,20,18,15,94,68,42,1018,1015,1013,10,8,6,21,11,,0.00,2,,267
2013-9-28,27,23,21,20,18,16,94,75,51,1017,1015,1013,8,6,3,24,13,58,0.00,3,,278
2013-9-29,28,23,19,19,18,15,100,72,45,1015,1013,1010,10,7,5,26,14,,0.00,3,,267
2013-9-30,27,23,19,21,19,17,94,79,58,1014,1011,1009,10,7,6,26,19,,0.00,4,Rain,263

